0.000000000000000000e+00,0.000000000000000000e+00
2.083333333333333218e-02,0.000000000000000000e+00
4.166666666666666435e-02,0.000000000000000000e+00
6.250000000000000000e-02,0.000000000000000000e+00
8.333333333333332871e-02,0.000000000000000000e+00
1.041666666666666574e-01,0.000000000000000000e+00
1.250000000000000000e-01,0.000000000000000000e+00
1.458333333333333148e-01,0.000000000000000000e+00
1.666666666666666574e-01,0.000000000000000000e+00
1.875000000000000000e-01,0.000000000000000000e+00
2.083333333333333148e-01,0.000000000000000000e+00
2.291666666666666574e-01,0.000000000000000000e+00
2.500000000000000000e-01,0.000000000000000000e+00
2.708333333333333148e-01,0.000000000000000000e+00
2.916666666666666297e-01,0.000000000000000000e+00
3.125000000000000000e-01,0.000000000000000000e+00
3.333333333333333148e-01,0.000000000000000000e+00
3.541666666666666297e-01,0.000000000000000000e+00
3.750000000000000000e-01,0.000000000000000000e+00
3.958333333333333148e-01,0.000000000000000000e+00
4.166666666666666297e-01,0.000000000000000000e+00
4.375000000000000000e-01,0.000000000000000000e+00
4.583333333333333148e-01,0.000000000000000000e+00
4.791666666666666297e-01,0.000000000000000000e+00
5.000000000000000000e-01,0.000000000000000000e+00
5.208333333333332593e-01,0.000000000000000000e+00
5.416666666666666297e-01,0.000000000000000000e+00
5.625000000000000000e-01,0.000000000000000000e+00
5.833333333333332593e-01,0.000000000000000000e+00
6.041666666666666297e-01,0.000000000000000000e+00
6.250000000000000000e-01,0.000000000000000000e+00
6.458333333333332593e-01,0.000000000000000000e+00
6.666666666666666297e-01,0.000000000000000000e+00
6.875000000000000000e-01,0.000000000000000000e+00
7.083333333333332593e-01,0.000000000000000000e+00
7.291666666666666297e-01,0.000000000000000000e+00
7.500000000000000000e-01,0.000000000000000000e+00
7.708333333333332593e-01,0.000000000000000000e+00
7.916666666666666297e-01,0.000000000000000000e+00
8.125000000000000000e-01,0.000000000000000000e+00
8.333333333333332593e-01,0.000000000000000000e+00
8.541666666666666297e-01,0.000000000000000000e+00
8.750000000000000000e-01,0.000000000000000000e+00
8.958333333333332593e-01,0.000000000000000000e+00
9.166666666666666297e-01,0.000000000000000000e+00
9.375000000000000000e-01,0.000000000000000000e+00
9.583333333333332593e-01,0.000000000000000000e+00
9.791666666666666297e-01,0.000000000000000000e+00
1.000000000000000000e+00,0.000000000000000000e+00
1.020833333333333259e+00,0.000000000000000000e+00
1.041666666666666519e+00,0.000000000000000000e+00
1.062500000000000000e+00,0.000000000000000000e+00
1.083333333333333259e+00,0.000000000000000000e+00
1.104166666666666519e+00,0.000000000000000000e+00
1.125000000000000000e+00,0.000000000000000000e+00
1.145833333333333259e+00,0.000000000000000000e+00
1.166666666666666519e+00,0.000000000000000000e+00
1.187500000000000000e+00,0.000000000000000000e+00
1.208333333333333259e+00,0.000000000000000000e+00
1.229166666666666519e+00,0.000000000000000000e+00
1.250000000000000000e+00,0.000000000000000000e+00
1.270833333333333259e+00,0.000000000000000000e+00
1.291666666666666519e+00,0.000000000000000000e+00
1.312500000000000000e+00,0.000000000000000000e+00
1.333333333333333259e+00,0.000000000000000000e+00
1.354166666666666519e+00,0.000000000000000000e+00
1.375000000000000000e+00,0.000000000000000000e+00
1.395833333333333259e+00,0.000000000000000000e+00
1.416666666666666519e+00,0.000000000000000000e+00
1.437500000000000000e+00,0.000000000000000000e+00
1.458333333333333259e+00,0.000000000000000000e+00
1.479166666666666519e+00,0.000000000000000000e+00
1.500000000000000000e+00,0.000000000000000000e+00
1.520833333333333259e+00,0.000000000000000000e+00
1.541666666666666519e+00,0.000000000000000000e+00
1.562500000000000000e+00,0.000000000000000000e+00
1.583333333333333259e+00,0.000000000000000000e+00
1.604166666666666519e+00,0.000000000000000000e+00
1.625000000000000000e+00,0.000000000000000000e+00
1.645833333333333259e+00,0.000000000000000000e+00
1.666666666666666519e+00,0.000000000000000000e+00
1.687500000000000000e+00,0.000000000000000000e+00
1.708333333333333259e+00,0.000000000000000000e+00
1.729166666666666519e+00,0.000000000000000000e+00
1.750000000000000000e+00,0.000000000000000000e+00
1.770833333333333259e+00,0.000000000000000000e+00
1.791666666666666519e+00,0.000000000000000000e+00
1.812500000000000000e+00,0.000000000000000000e+00
1.833333333333333259e+00,0.000000000000000000e+00
1.854166666666666519e+00,0.000000000000000000e+00
1.875000000000000000e+00,0.000000000000000000e+00
1.895833333333333259e+00,0.000000000000000000e+00
1.916666666666666519e+00,0.000000000000000000e+00
1.937500000000000000e+00,0.000000000000000000e+00
1.958333333333333259e+00,0.000000000000000000e+00
1.979166666666666519e+00,0.000000000000000000e+00
2.000000000000000000e+00,-4.882180196266714539e-03
2.020833333333333037e+00,-5.843787321180815043e-03
2.041666666666666519e+00,-4.472368644039068607e-03
2.062500000000000000e+00,-2.957820189440199532e-03
2.083333333333333037e+00,-1.126251798826909123e-03
2.104166666666666519e+00,1.143261291113771561e-03
2.125000000000000000e+00,3.904432013429412311e-03
2.145833333333333037e+00,7.205011841614648513e-03
2.166666666666666519e+00,1.104121675992723005e-02
2.187500000000000000e+00,1.535746650978716231e-02
2.208333333333333037e+00,2.006898647990658022e-02
2.229166666666666519e+00,2.499998821742812141e-02
2.250000000000000000e+00,2.930234263821549293e-02
2.270833333333333037e+00,2.969776468891128368e-02
2.291666666666666519e+00,2.979155068346229715e-02
2.312500000000000000e+00,2.969830480628049205e-02
2.333333333333333037e+00,2.963318744056861118e-02
2.354166666666666519e+00,2.959022934023780235e-02
2.375000000000000000e+00,2.956223350941663067e-02
2.395833333333333037e+00,2.954390366108932547e-02
2.416666666666666519e+00,2.953185852410604439e-02
2.437500000000000000e+00,2.952389476915772901e-02
2.458333333333333037e+00,2.951863893944311687e-02
2.479166666666666519e+00,2.951512799650452337e-02
2.500000000000000000e+00,2.951277594451478734e-02
2.520833333333333037e+00,2.951116974242434451e-02
2.541666666666666519e+00,2.951006860944462018e-02
2.562500000000000000e+00,2.950920698214658591e-02
2.583333333333333037e+00,2.950878720539946293e-02
2.604166666666666519e+00,2.950838146992118549e-02
2.625000000000000000e+00,2.950848937208486178e-02
2.645833333333333037e+00,2.950822540099995797e-02
2.666666666666666519e+00,2.950806597996896360e-02
2.687500000000000000e+00,2.950794089712297300e-02
2.708333333333333037e+00,2.950788805158410799e-02
2.729166666666666519e+00,2.950784899768806382e-02
2.750000000000000000e+00,2.950750925377403078e-02
2.770833333333333037e+00,2.949370722320127786e-02
2.791666666666666519e+00,2.944720047119745929e-02
2.812500000000000000e+00,2.935810338534882921e-02
2.833333333333333037e+00,2.921916595625131258e-02
2.854166666666666519e+00,2.902316909381620277e-02
2.875000000000000000e+00,2.876656531858684182e-02
2.895833333333333037e+00,2.844382758723959861e-02
2.916666666666666519e+00,2.804728286121221936e-02
2.937500000000000000e+00,2.757505490422306610e-02
2.958333333333333037e+00,2.704798431213905827e-02
2.979166666666666519e+00,2.644820673164453156e-02
3.000000000000000000e+00,2.578557330494852043e-02
3.020833333333333037e+00,2.507197855341722695e-02
3.041666666666666519e+00,2.426638011353157709e-02
3.062500000000000000e+00,2.332970146818686558e-02
3.083333333333333037e+00,2.228836244651398110e-02
3.104166666666666519e+00,2.117937174470203854e-02
3.125000000000000000e+00,1.998146403564805482e-02
3.145833333333333037e+00,1.867108983142421949e-02
3.166666666666666519e+00,1.729300749942757481e-02
3.187500000000000000e+00,1.590427013593900471e-02
3.208333333333333037e+00,1.450645121691791772e-02
3.229166666666666519e+00,1.309790287835117285e-02
3.250000000000000000e+00,1.173381756773271903e-02
3.270833333333333037e+00,1.047815861506868132e-02
3.291666666666666519e+00,9.343449706383569892e-03
3.312500000000000000e+00,8.306580867721102476e-03
3.333333333333333037e+00,7.359930107256545430e-03
3.354166666666666519e+00,6.519975559107195340e-03
3.375000000000000000e+00,5.779244258804738278e-03
3.395833333333333037e+00,5.126856117277374392e-03
3.416666666666666519e+00,4.576248411200013917e-03
3.437500000000000000e+00,4.119937225522934260e-03
3.458333333333333037e+00,3.738019151534001036e-03
3.479166666666666519e+00,3.443834452608555887e-03
3.500000000000000000e+00,3.252772915036645542e-03
3.520833333333333037e+00,3.133862041702517153e-03
3.541666666666666519e+00,3.050772233475709024e-03
3.562500000000000000e+00,3.018164179137705367e-03
3.583333333333333037e+00,3.061522584096592389e-03
3.604166666666666519e+00,3.161946486015265907e-03
3.625000000000000000e+00,3.295490170525421786e-03
3.645833333333333037e+00,3.474562167402371528e-03
3.666666666666666519e+00,3.703409764551409116e-03
3.687500000000000000e+00,3.939887293817416133e-03
3.708333333333333037e+00,4.138161746364383067e-03
3.729166666666666519e+00,4.304389942133711802e-03
3.750000000000000000e+00,4.455440509842784058e-03
3.770833333333333037e+00,4.563684346178526093e-03
3.791666666666666519e+00,4.597914875284197372e-03
3.812500000000000000e+00,4.579134419714410258e-03
3.833333333333333037e+00,4.538982048312961703e-03
3.854166666666666519e+00,4.464359611478264066e-03
3.875000000000000000e+00,4.338399900592910738e-03
3.895833333333333037e+00,4.194612977960667649e-03
3.916666666666666519e+00,4.074622530216270161e-03
3.937500000000000000e+00,3.974316516847382907e-03
3.958333333333333037e+00,3.878433405349905692e-03
3.979166666666666519e+00,3.800286900481843547e-03
4.000000000000000000e+00,3.743710431262397241e-03
4.020833333333333037e+00,3.680765767400939574e-03
4.041666666666666075e+00,3.598760506773146777e-03
4.062500000000000000e+00,3.516647572208579913e-03
4.083333333333333037e+00,3.436242776584358827e-03
4.104166666666666075e+00,3.337519408018001926e-03
4.125000000000000000e+00,3.226787371086381299e-03
4.145833333333333037e+00,3.118307772187190342e-03
4.166666666666666075e+00,2.980460008394704083e-03
4.187500000000000000e+00,2.777859079717776361e-03
4.208333333333333037e+00,2.528168142736214249e-03
4.229166666666666075e+00,2.260625724062259416e-03
4.250000000000000000e+00,1.958464081419363043e-03
4.270833333333333037e+00,1.600825789821068088e-03
4.291666666666666075e+00,1.218351730769847091e-03
4.312500000000000000e+00,8.511081261170973938e-04
4.333333333333333037e+00,4.924250507521073803e-04
4.354166666666666075e+00,1.304934782196009351e-04
4.375000000000000000e+00,-2.012895981897893727e-04
4.395833333333333037e+00,-4.674439372345729946e-04
4.416666666666666075e+00,-6.790741406145443110e-04
4.437500000000000000e+00,-8.520579884736359825e-04
4.458333333333333037e+00,-9.655072335896408998e-04
4.479166666666666075e+00,-1.006670990299785625e-03
4.500000000000000000e+00,-1.010218883073992630e-03
4.520833333333333037e+00,-1.014872434334876004e-03
4.541666666666666075e+00,-1.007754073357547712e-03
4.562500000000000000e+00,-9.654527832427341237e-04
4.583333333333333037e+00,-9.099415680893702986e-04
4.604166666666666075e+00,-8.669801244999226835e-04
4.625000000000000000e+00,-8.099760834471436298e-04
4.645833333333333037e+00,-7.010349098266976074e-04
4.666666666666666075e+00,-5.483914097683226414e-04
4.687500000000000000e+00,-3.728109092305893139e-04
4.708333333333333037e+00,-1.637662084972462458e-04
4.729166666666666075e+00,8.517082621430194342e-05
4.750000000000000000e+00,3.330814579489854189e-04
4.770833333333333037e+00,5.348207208143772404e-04
4.791666666666666075e+00,6.968157564355530187e-04
4.812500000000000000e+00,8.353699859427444162e-04
4.833333333333333037e+00,9.199150323000016395e-04
4.854166666666666075e+00,9.150631805702584293e-04
4.875000000000000000e+00,8.370571598682777876e-04
4.895833333333333037e+00,7.119487062115863966e-04
4.916666666666666075e+00,5.192867527018977603e-04
4.937500000000000000e+00,2.341781222599970277e-04
4.958333333333333037e+00,-1.155130509415085291e-04
4.979166666666666075e+00,-4.904151789221753745e-04
5.000000000000000000e+00,-8.969976736800580998e-04
5.020833333333333037e+00,-1.346256083939475264e-03
5.041666666666666075e+00,-1.798055006597085084e-03
5.062500000000000000e+00,-2.202452732188180887e-03
5.083333333333333037e+00,-2.556441813437378228e-03
5.104166666666666075e+00,-2.868569965908121782e-03
5.125000000000000000e+00,-3.118828142616248810e-03
5.145833333333333037e+00,-3.297218168077781925e-03
5.166666666666666075e+00,-3.433199091609309608e-03
5.187500000000000000e+00,-3.549784301127152132e-03
5.208333333333333037e+00,-3.616426146712020413e-03
5.229166666666666075e+00,-3.591175958112714436e-03
5.250000000000000000e+00,-3.478918464126740627e-03
5.270833333333333037e+00,-3.307557115059715259e-03
5.291666666666666075e+00,-3.076547578743009902e-03
5.312500000000000000e+00,-2.777177204301970338e-03
5.333333333333333037e+00,-2.446492726863581674e-03
5.354166666666666075e+00,-2.125415408878947050e-03
5.375000000000000000e+00,-1.802304272825997486e-03
5.395833333333333037e+00,-1.454506140080774829e-03
5.416666666666666075e+00,-1.105309583289180043e-03
5.437500000000000000e+00,-7.820776209232233739e-04
5.458333333333333037e+00,-4.602990797643518673e-04
5.479166666666666075e+00,-1.051330800077965284e-04
5.500000000000000000e+00,2.721319017493289624e-04
5.520833333333333037e+00,6.483339059320042874e-04
5.541666666666666075e+00,1.032741574152234651e-03
5.562500000000000000e+00,1.431642042444745966e-03
5.583333333333333037e+00,1.804565147514399729e-03
5.604166666666666075e+00,2.107255679886928593e-03
5.625000000000000000e+00,2.347934218419957340e-03
5.645833333333333037e+00,2.546389353339991845e-03
5.666666666666666075e+00,2.677005744577102761e-03
5.687500000000000000e+00,2.710094871132974047e-03
5.708333333333333037e+00,2.667613030084482750e-03
5.729166666666666075e+00,2.581967067036141077e-03
5.750000000000000000e+00,2.439868491308653034e-03
5.770833333333333037e+00,2.224073063974854516e-03
5.791666666666666075e+00,1.969878288727930013e-03
5.812500000000000000e+00,1.723936399492103592e-03
5.833333333333333037e+00,1.486737746384270923e-03
5.854166666666666075e+00,1.250440928598203555e-03
5.875000000000000000e+00,1.035434040500613287e-03
5.895833333333333037e+00,8.481175622299402415e-04
5.916666666666666075e+00,6.676570746125383643e-04
5.937500000000000000e+00,4.931740484492271384e-04
5.958333333333333037e+00,3.335792049522300724e-04
5.979166666666666075e+00,1.664249900611559202e-04
6.000000000000000000e+00,-2.158381873780432599e-05
6.020833333333333037e+00,-2.004715558818449480e-04
6.041666666666666075e+00,-3.423179735626621510e-04
6.062500000000000000e+00,-4.693005380836231459e-04
6.083333333333333037e+00,-6.109120822286316947e-04
6.104166666666666075e+00,-7.477227114409439523e-04
6.125000000000000000e+00,-8.522755962654409876e-04
6.145833333333333037e+00,-9.464069842731773988e-04
6.166666666666666075e+00,-1.059449536632878610e-03
6.187500000000000000e+00,-1.171591197221821161e-03
6.208333333333333037e+00,-1.254734452054762301e-03
6.229166666666666075e+00,-1.330635631891521680e-03
6.250000000000000000e+00,-1.429555903476679426e-03
6.270833333333333037e+00,-1.533580058652603273e-03
6.291666666666666075e+00,-1.617350263012782598e-03
6.312500000000000000e+00,-1.704778915394154900e-03
6.333333333333333037e+00,-1.827161062623988566e-03
6.354166666666666075e+00,-1.966630520208881641e-03
6.375000000000000000e+00,-2.097056596160598672e-03
6.395833333333333037e+00,-2.241507471636420244e-03
6.416666666666666075e+00,-2.430441596725816961e-03
6.437500000000000000e+00,-2.645047866601044594e-03
6.458333333333333037e+00,-2.858205789894160877e-03
6.479166666666666075e+00,-3.092005785940824241e-03
6.500000000000000000e+00,-3.375920221250885804e-03
6.520833333333333037e+00,-3.690190651938835692e-03
6.541666666666666075e+00,-4.006921021989102473e-03
6.562500000000000000e+00,-4.347583788843895937e-03
6.583333333333333037e+00,-4.741082704055405751e-03
6.604166666666666075e+00,-5.167673189530865192e-03
6.625000000000000000e+00,-5.599651405277162285e-03
6.645833333333333037e+00,-6.050344783131044422e-03
6.666666666666666075e+00,-6.529795925958791110e-03
6.687500000000000000e+00,-6.997450846402435663e-03
6.708333333333333037e+00,-7.404792186664482800e-03
6.729166666666666075e+00,-7.753072356536007056e-03
6.750000000000000000e+00,-8.051674821184304567e-03
6.770833333333333037e+00,-8.270909788168877286e-03
6.791666666666666075e+00,-8.385646143059616309e-03
6.812500000000000000e+00,-8.421717492047160400e-03
6.833333333333333037e+00,-8.413062796768854684e-03
6.854166666666666075e+00,-8.344658594556950137e-03
6.875000000000000000e+00,-8.193095031277498885e-03
6.895833333333333037e+00,-7.983951645466931188e-03
6.916666666666666075e+00,-7.750287003421623029e-03
6.937500000000000000e+00,-7.476936092226839879e-03
6.958333333333333037e+00,-7.141825705323758683e-03
6.979166666666666075e+00,-6.772750587259077429e-03
7.000000000000000000e+00,-6.404992259634614132e-03
7.020833333333333037e+00,-6.024232782711229188e-03
7.041666666666666075e+00,-5.607597034893510579e-03
7.062500000000000000e+00,-5.181734296088164743e-03
7.083333333333333037e+00,-4.781187286494973689e-03
7.104166666666666075e+00,-4.391501318844259934e-03
7.125000000000000000e+00,-3.990163143596511981e-03
7.145833333333333037e+00,-3.603645287619857123e-03
7.166666666666666075e+00,-3.265727660137254709e-03
7.187500000000000000e+00,-2.961515084768065464e-03
7.208333333333333037e+00,-2.668076422841785152e-03
7.229166666666666075e+00,-2.411136642510366447e-03
7.250000000000000000e+00,-2.223691219938231552e-03
7.270833333333333037e+00,-2.090529944550831905e-03
7.291666666666666075e+00,-1.988764036261758857e-03
7.312500000000000000e+00,-1.944187792708349481e-03
7.333333333333333037e+00,-1.989830053487613801e-03
7.354166666666666075e+00,-2.110146237050398652e-03
7.375000000000000000e+00,-2.280962994068891098e-03
7.395833333333333037e+00,-2.517062894060243406e-03
7.416666666666666075e+00,-2.828359151836593120e-03
7.437500000000000000e+00,-3.174881672699708928e-03
7.458333333333333037e+00,-3.508755803241720653e-03
7.479166666666666075e+00,-3.831199569175016122e-03
7.500000000000000000e+00,-4.151191950834896317e-03
7.520833333333333037e+00,-4.433082243695210360e-03
7.541666666666666075e+00,-4.638322311620826643e-03
7.562500000000000000e+00,-4.778107713161809308e-03
7.583333333333333037e+00,-4.871382236013472276e-03
7.604166666666666075e+00,-4.892525816565184392e-03
7.625000000000000000e+00,-4.813390829119469985e-03
7.645833333333333037e+00,-4.655700606182887336e-03
7.666666666666666075e+00,-4.448569241376174564e-03
7.687500000000000000e+00,-4.171761370796840673e-03
7.708333333333333037e+00,-3.796936704558648290e-03
7.729166666666666075e+00,-3.345272025317314046e-03
7.750000000000000000e+00,-2.846141208755228330e-03
7.770833333333333037e+00,-2.292223803608910669e-03
7.791666666666666075e+00,-1.683560146213038166e-03
7.812500000000000000e+00,-1.071648328954806885e-03
7.833333333333333037e+00,-5.164482743681494828e-04
7.854166666666666075e+00,-2.945540966892212580e-05
7.875000000000000000e+00,3.976105411608795185e-04
7.895833333333333037e+00,7.411708492796223024e-04
7.916666666666666075e+00,9.735096483140960990e-04
7.937500000000000000e+00,1.115255358401886403e-03
7.958333333333333037e+00,1.194746580038236628e-03
7.979166666666666075e+00,1.191713029842804287e-03
8.000000000000000000e+00,1.078579179952178025e-03
8.020833333333332149e+00,8.758325442393402258e-04
8.041666666666666075e+00,6.118891534877399967e-04
8.062500000000000000e+00,2.702232071175130184e-04
8.083333333333332149e+00,-1.684860088466764018e-04
8.104166666666666075e+00,-6.747940368657671028e-04
8.125000000000000000e+00,-1.211321752405761188e-03
8.145833333333332149e+00,-1.789245494042919276e-03
8.166666666666666075e+00,-2.427114115763281520e-03
8.187500000000000000e+00,-3.095898926327150975e-03
8.208333333333332149e+00,-3.759782035680418397e-03
8.229166666666666075e+00,-4.433017686572521092e-03
8.250000000000000000e+00,-5.138254886143335011e-03
8.270833333333332149e+00,-5.849503583555926492e-03
8.291666666666666075e+00,-6.532740686794440317e-03
8.312500000000000000e+00,-7.203054524011287887e-03
8.333333333333332149e+00,-7.882930722125796458e-03
8.354166666666666075e+00,-8.545725574746860023e-03
8.375000000000000000e+00,-9.156147453173878528e-03
8.395833333333332149e+00,-9.727665242224970907e-03
8.416666666666666075e+00,-1.028106062693244158e-02
8.437500000000000000e+00,-1.078804918421570440e-02
8.458333333333332149e+00,-1.121237337880202044e-02
8.479166666666666075e+00,-1.156683380165677427e-02
8.500000000000000000e+00,-1.187148984649869649e-02
8.520833333333332149e+00,-1.209768605259671503e-02
8.541666666666666075e+00,-1.220883992790203557e-02
8.562500000000000000e+00,-1.221715620157410101e-02
8.583333333333332149e+00,-1.214240664743304263e-02
8.604166666666666075e+00,-1.195966654404724029e-02
8.625000000000000000e+00,-1.164084923529212258e-02
8.645833333333332149e+00,-1.120715765704833992e-02
8.666666666666666075e+00,-1.068770770282570851e-02
8.687500000000000000e+00,-1.007050083017773170e-02
8.708333333333332149e+00,-9.344815916208041098e-03
8.729166666666666075e+00,-8.550328266602878063e-03
8.750000000000000000e+00,-7.735145076407216186e-03
8.770833333333332149e+00,-6.899317028140638554e-03
8.791666666666666075e+00,-6.034895243194749251e-03
8.812500000000000000e+00,-5.182456097327124006e-03
8.833333333333332149e+00,-4.389823753124617520e-03
8.854166666666666075e+00,-3.656132390651281160e-03
8.875000000000000000e+00,-2.971979081085067941e-03
8.895833333333332149e+00,-2.371173773536391916e-03
8.916666666666666075e+00,-1.887975783469269348e-03
8.937500000000000000e+00,-1.506965737973388212e-03
8.958333333333332149e+00,-1.204657152636775868e-03
8.979166666666666075e+00,-1.006420428752964396e-03
9.000000000000000000e+00,-9.448876060083776429e-04
9.020833333333332149e+00,-1.005131421968056020e-03
9.041666666666666075e+00,-1.164106962347466077e-03
9.062500000000000000e+00,-1.424905414501055189e-03
9.083333333333332149e+00,-1.771546342707889989e-03
9.104166666666666075e+00,-2.176529493952705958e-03
9.125000000000000000e+00,-2.642584389105046266e-03
9.145833333333332149e+00,-3.169845331420951574e-03
9.166666666666666075e+00,-3.710595701667855021e-03
9.187500000000000000e+00,-4.210905641174132047e-03
9.208333333333332149e+00,-4.666390773560550979e-03
9.229166666666666075e+00,-5.081674413341142130e-03
9.250000000000000000e+00,-5.428178346004180685e-03
9.270833333333332149e+00,-5.688093408025902964e-03
9.291666666666666075e+00,-5.892305521202370784e-03
9.312500000000000000e+00,-6.076597145818871289e-03
9.333333333333332149e+00,-6.227779570074124318e-03
9.354166666666666075e+00,-6.324154414236953133e-03
9.375000000000000000e+00,-6.393198407678778866e-03
9.395833333333332149e+00,-6.470738279197233225e-03
9.416666666666666075e+00,-6.545629363143393685e-03
9.437500000000000000e+00,-6.599994385761026941e-03
9.458333333333332149e+00,-6.655866451605456889e-03
9.479166666666666075e+00,-6.730947838659356516e-03
9.500000000000000000e+00,-6.792743826439919495e-03
9.520833333333332149e+00,-6.800647945769148703e-03
9.541666666666666075e+00,-6.763344045179109712e-03
9.562500000000000000e+00,-6.697920672029953823e-03
9.583333333333332149e+00,-6.577973204127431084e-03
9.604166666666666075e+00,-6.374676866733701430e-03
9.625000000000000000e+00,-6.108493524050982726e-03
9.645833333333332149e+00,-5.807746872652911653e-03
9.666666666666666075e+00,-5.452238549580928385e-03
9.687500000000000000e+00,-5.013575433492289957e-03
9.708333333333332149e+00,-4.512537849012170088e-03
9.729166666666666075e+00,-3.978424059770884792e-03
9.750000000000000000e+00,-3.399044285358944310e-03
9.770833333333332149e+00,-2.761674083257619101e-03
9.791666666666666075e+00,-2.102116762144803225e-03
9.812500000000000000e+00,-1.461873550372236969e-03
9.833333333333332149e+00,-8.313449406115731421e-04
9.854166666666666075e+00,-1.898826959519775209e-04
9.875000000000000000e+00,4.370504796482314229e-04
9.895833333333332149e+00,1.019974618551674171e-03
9.916666666666666075e+00,1.582196469697686250e-03
9.937500000000000000e+00,2.158190518248382945e-03
9.958333333333332149e+00,2.735841471546122602e-03
9.979166666666666075e+00,3.289941178528031120e-03
1.000000000000000000e+01,3.829205095781664306e-03
1.002083333333333215e+01,4.362481077672085428e-03
1.004166666666666607e+01,4.851718777680187264e-03
1.006250000000000000e+01,5.254783948390699157e-03
1.008333333333333215e+01,5.582493330458263188e-03
1.010416666666666607e+01,5.857544441530236103e-03
1.012500000000000000e+01,6.056753465181791314e-03
1.014583333333333215e+01,6.151423416451095444e-03
1.016666666666666607e+01,6.164195694419698744e-03
1.018750000000000000e+01,6.129001435203629451e-03
1.020833333333333215e+01,6.033714730058826678e-03
1.022916666666666607e+01,5.862182844451079879e-03
1.025000000000000000e+01,5.650635319006887085e-03
1.027083333333333215e+01,5.446074760756131235e-03
1.029166666666666607e+01,5.248847729435309091e-03
1.031250000000000000e+01,5.046195197232551319e-03
1.033333333333333215e+01,4.856139720779818411e-03
1.035416666666666607e+01,4.692492097094362428e-03
1.037500000000000000e+01,4.521698197321612385e-03
1.039583333333333215e+01,4.305799338065195540e-03
1.041666666666666607e+01,4.059118236294696064e-03
1.043750000000000000e+01,3.807444093696039315e-03
1.045833333333333215e+01,3.531148480124175672e-03
1.047916666666666607e+01,3.206500296972975873e-03
1.050000000000000000e+01,2.861532823492362806e-03
1.052083333333333215e+01,2.534871256591983944e-03
1.054166666666666607e+01,2.219359417247021397e-03
1.056250000000000000e+01,1.903213839654990889e-03
1.058333333333333215e+01,1.617792883405891032e-03
1.060416666666666607e+01,1.394016147621170588e-03
1.062500000000000000e+01,1.215625468333365487e-03
1.064583333333333215e+01,1.061943607930955014e-03
1.066666666666666607e+01,9.603557283982749404e-04
1.068750000000000000e+01,9.437642367559984178e-04
1.070833333333333215e+01,9.984479584370059384e-04
1.072916666666666607e+01,1.104647043104632544e-03
1.075000000000000000e+01,1.270735625857674980e-03
1.077083333333333215e+01,1.487987980438013622e-03
1.079166666666666607e+01,1.729137196768343538e-03
1.081250000000000000e+01,1.998289718927228828e-03
1.083333333333333215e+01,2.308172256757516552e-03
1.085416666666666607e+01,2.625559955357020889e-03
1.087500000000000000e+01,2.913000465639879744e-03
1.089583333333333215e+01,3.186131028883012334e-03
1.091666666666666607e+01,3.471687700091521424e-03
1.093750000000000000e+01,3.750876476203278843e-03
1.095833333333333215e+01,3.999627326945501445e-03
1.097916666666666607e+01,4.241695019686755885e-03
1.100000000000000000e+01,4.507315002140782796e-03
1.102083333333333215e+01,4.781094025761429070e-03
1.104166666666666607e+01,5.042322303756512254e-03
1.106250000000000000e+01,5.303868033708044813e-03
1.108333333333333215e+01,5.566993573572114398e-03
1.110416666666666607e+01,5.797163553183506957e-03
1.112500000000000000e+01,5.969914986949041366e-03
1.114583333333333215e+01,6.113016302853460822e-03
1.116666666666666607e+01,6.263282109156231153e-03
1.118750000000000000e+01,6.411761232486224045e-03
1.120833333333333215e+01,6.540797857282034528e-03
1.122916666666666607e+01,6.662510472535899259e-03
1.125000000000000000e+01,6.777421920907899036e-03
1.127083333333333215e+01,6.858785654448546626e-03
1.129166666666666607e+01,6.898575599655410936e-03
1.131250000000000000e+01,6.907087866828475441e-03
1.133333333333333215e+01,6.862603581156002767e-03
1.135416666666666607e+01,6.740797983003681687e-03
1.137500000000000000e+01,6.569598732659060435e-03
1.139583333333333215e+01,6.388539056961205220e-03
1.141666666666666607e+01,6.191594030097902386e-03
1.143750000000000000e+01,5.967481368701039492e-03
1.145833333333333215e+01,5.740847415799573902e-03
1.147916666666666607e+01,5.527113488115353857e-03
1.150000000000000000e+01,5.295214641175660653e-03
1.152083333333333215e+01,5.011936679120711745e-03
1.154166666666666607e+01,4.696831846898792684e-03
1.156250000000000000e+01,4.380936374203323914e-03
1.158333333333333215e+01,4.049698006290758726e-03
1.160416666666666607e+01,3.684381724618021429e-03
1.162500000000000000e+01,3.317911881442631335e-03
1.164583333333333215e+01,2.993628389593945994e-03
1.166666666666666607e+01,2.708913065211963293e-03
1.168750000000000000e+01,2.452353988107106551e-03
1.170833333333333215e+01,2.241320764144524771e-03
1.172916666666666607e+01,2.081097437829715693e-03
1.175000000000000000e+01,1.944686494506099638e-03
1.177083333333333215e+01,1.819493576981901211e-03
1.179166666666666607e+01,1.723022165853520639e-03
1.181250000000000000e+01,1.655071377765950829e-03
1.183333333333333215e+01,1.597068244212852730e-03
1.185416666666666607e+01,1.561996935668860274e-03
1.187500000000000000e+01,1.571675399245055444e-03
1.189583333333333215e+01,1.602331588295265825e-03
1.191666666666666607e+01,1.625904363563345075e-03
1.193750000000000000e+01,1.667188285842286692e-03
1.195833333333333215e+01,1.762053699792993271e-03
1.197916666666666607e+01,1.900546802117305438e-03
